8330063302443603358020866595530395
2050027781033637049609371184024261
7299185153384193362868549194879631
5119205194041501153675796151422019
13437539979399921571001399129675147
20535932606777940724147243726766118
6472558015189130642587203569170457
6605968678356358867318852605756738
592754483280849008370655267423166
20084727361403533051419855890442776
18189330397872184023399477840614083
14280312809585613748470603498800613
19140572337056278034323963880342025
19381926279270721033969382405087606
13584598642289640724848724043072634
11409996650442429569224650436301891
780757145338040949565007811254271
7900661642697984316985570155092718
9462175933374066216115585777601260
12644316345338166123819676143696386
3249396535129514058755059226043261
12778828591668994425921613863592656
6717550619108089926608741492666910
7095953886194277435361928452749644
11051890011683571716518109199746221
9484597149935274706769168455402132
3269105496345633642509598382038929
9678228753396250439224944469830925
13076421985382534570038393528155716
16673678858038183568015484817974189
14507251151846468210796483401429976
16395319430261067695325916858769642
1331349422860367739150297538930572
8883622536518765677268031368289236
17767245073037531354536062736578472
10414348060435197475426143827132408
20769584290258458841408228533186774
13219896903560133185520668593517903
10739705003595350600012598658270471
21479410007190701200025197316540942
17720454267517664947516294744901264
19681707900898478014559791839959151
4764108603430205223412299795556523
18948270488975359909441842708372247
18997322583108884784205140061148050
6535355728556001916908743943687388
16269841048428923097467294714205885
10441334110699091896606237245984217
20882668221398183793212474491968434
885993723019650472306169688068955
1712875615427364835168280255059868
6565768991559712824542308215872803
9991520222414442494878868725992539
4282951641303969218728998923219743
2226755930586036019602443313855310
7652641452488991302854693454541729
15246171074366046496265327788005416
8512217823797210913090421635739363
7545270534867536254119541033141483
8810505548325106199827586654776832
1861810462513360519182375659710287
583603164321737884159003613667507
1167206328643475768318007227335014
2334412657286951536636014454670028
20428025948710754953744826559183433
3057615107737839838132562407173978
15594395328202565248326427052685199
18569607782973261770385804161280088
5679926128284755889270072143951464
11359852256569511778540144287902928
19579686752434040402874540870052789
4500954475889393890597738734665757
21621091825210656507462527413421824
18003817903557575562390954938663028
1408328608748400319074625992964277
9096692738906766946560747397434688
11854238125791631475265940262285200
8008387448058347179503141995805065
3456703853296761742183293168597862
10053425467298506638572334042948791
7487668061165144550877618141807272
14975336122330289101755236283614544
4771418328408776860420431800126510
63671544090668148779561361915777
6407378609591302605970618135337688
6534721697772638903529740859169242
16209461156250260961265229424091551
13578815748270622997295972613664700
5118395340994427805707652165979889
7037661090671936347765497505128669
14075322181343872695530995010257338
9251425967845910356383444664918232
18502851935691820712766889329836464
8745544025038793037682049307895325
17491088050077586075364098615790650
323757071176485235576854226141479
3787531903057953625359456158036025
4435046045410924096513164610318983
5670962499504928929376522393806857
5121001308211827659785608497185622
3902855264401752901715662461787068
10945728289508488957637072629327203
9331385536197045298451154435642138