263 22725
2055 263
223 909
2061 1115
227 303
687 1135
17941 458
229 233
239 229
482 2629
239 241
229 1195
251 239
1285 1757
251 257
31 251
2233 5239
403 29
22099 403
481 451
41 37
47 41
989 5593
47 43
67 329
1121 47
371 1357
59 53
47 59
61 469
67 61
73 67
71 219
73 71
83 73
237 1909
83 79
97 83
1513 1843
97 89
101 97
917 23153
1781 131
6811 1781
31141 1057
151 149
163 151
1099 1793
163 157
139 163
151 2363
173 139
2171 8477
1211 167
181 1211
3043 3439
181 179
193 181
685117 579
193 191
199 193
591 41989
199 197
303 199
9919 321
107 109
113 107
381 791
113 127
101 1469
321 103
103 3
1 2
1 13
1 101